{"metadata":{"language_info":{"name":"python","version":"3.7.12","mimetype":"text/x-python","codemirror_mode":{"name":"ipython","version":3},"pygments_lexer":"ipython3","nbconvert_exporter":"python","file_extension":".py"},"kernelspec":{"name":"python3","display_name":"Python 3 (ipykernel)","language":"python"}},"nbformat_minor":5,"nbformat":4,"cells":[{"cell_type":"code","source":"from scipy.stats import norm\nimport numpy as np\nimport yfinance as yf\nimport pandas as pd\nfrom ta.volatility import AverageTrueRange\nfrom datetime import datetime\nfrom datetime import date\n#start='2010-01-01'\nend=date.today()\ndef get_historical_data(stk):\n\n    df = yf.download(stk,periods='max', interval=\"1d\").dropna()\n    #df['year']=df.index.isocalendar().year.astype(int)\n    return df\n\n#stocks=['ASHR','URA','HYG','IEF','LQD','UUP','TLT','MSOS']\nstocks=pd.read_csv('fit.csv')\nstocks=stocks.tick.values\nprint(stocks)\narr=[]\ndaf=pd.DataFrame()\na=0\nfor i in stocks:\n    \n    df=get_historical_data(i)\n    #df=df[df.index>start]\n    close=df.Close\n    #arr.append(close)\n    daf[a]=close\n    a=a+1\ndaf.columns=stocks\n#print(daf)\ncorrMatrix = daf.corr()\nprint (corrMatrix)\ncorrMatrix.to_csv('correlation.csv')\n#fdf=pd.DataFrame(data=arr[0])\n#print(fdf)","metadata":{"trusted":true},"execution_count":19,"outputs":[{"name":"stdout","text":"['ARKF' 'ARKG' 'ARKK' 'ASHR' 'BITO' 'BKLN' 'EWJ' 'FEZ' 'HYG' 'ICLN' 'IEF'\n 'IVV' 'IYR' 'JETS' 'KRE' 'KWEB' 'LQD' 'MJ' 'MSOS' 'QQQ' 'SDS' 'SOXL'\n 'SPY' 'TLT' 'TQQQ' 'UNG' 'URA' 'UUP' 'WEAT' 'XBI' 'XHB' 'XLY']\n[*********************100%***********************]  1 of 1 completed\n[*********************100%***********************]  1 of 1 completed\n[*********************100%***********************]  1 of 1 completed\n[*********************100%***********************]  1 of 1 completed\n[*********************100%***********************]  1 of 1 completed\n[*********************100%***********************]  1 of 1 completed\n[*********************100%***********************]  1 of 1 completed\n[*********************100%***********************]  1 of 1 completed\n[*********************100%***********************]  1 of 1 completed\n[*********************100%***********************]  1 of 1 completed\n[*********************100%***********************]  1 of 1 completed\n[*********************100%***********************]  1 of 1 completed\n[*********************100%***********************]  1 of 1 completed\n[*********************100%***********************]  1 of 1 completed\n[*********************100%***********************]  1 of 1 completed\n[*********************100%***********************]  1 of 1 completed\n[*********************100%***********************]  1 of 1 completed\n[*********************100%***********************]  1 of 1 completed\n[*********************100%***********************]  1 of 1 completed\n[*********************100%***********************]  1 of 1 completed\n[*********************100%***********************]  1 of 1 completed\n[*********************100%***********************]  1 of 1 completed\n[*********************100%***********************]  1 of 1 completed\n[*********************100%***********************]  1 of 1 completed\n[*********************100%***********************]  1 of 1 completed\n[*********************100%***********************]  1 of 1 completed\n[*********************100%***********************]  1 of 1 completed\n[*********************100%***********************]  1 of 1 completed\n[*********************100%***********************]  1 of 1 completed\n[*********************100%***********************]  1 of 1 completed\n[*********************100%***********************]  1 of 1 completed\n[*********************100%***********************]  1 of 1 completed\n          ARKF      ARKG      ARKK      ASHR      BITO      BKLN       EWJ  \\\nARKF  1.000000  0.967567  0.989807  0.897892  0.946509  0.162403  0.886691   \nARKG  0.967567  1.000000  0.989157  0.910721  0.902903  0.083405  0.843314   \nARKK  0.989807  0.989157  1.000000  0.919882  0.928014  0.117931  0.874646   \nASHR  0.897892  0.910721  0.919882  1.000000  0.758101  0.030581  0.881239   \nBITO  0.946509  0.902903  0.928014  0.758101  1.000000  0.856723  0.915615   \nBKLN  0.162403  0.083405  0.117931  0.030581  0.856723  1.000000  0.299439   \nEWJ   0.886691  0.843314  0.874646  0.881239  0.915615  0.299439  1.000000   \nFEZ   0.745860  0.661573  0.711620  0.760182  0.893934  0.422759  0.922320   \nHYG   0.516838  0.406068  0.457440  0.316791  0.896273  0.869592  0.561777   \nICLN  0.774972  0.841830  0.827345  0.902098  0.526742 -0.106161  0.796998   \nIEF   0.554101  0.520812  0.537502  0.346459  0.830060 -0.098587  0.255886   \nIVV   0.583607  0.562593  0.593950  0.759325  0.855514 -0.093439  0.765733   \nIYR   0.285904  0.198285  0.257039  0.414904  0.830481  0.243470  0.596879   \nJETS -0.095828 -0.171812 -0.149862 -0.212027  0.848424  0.830097  0.108597   \nKRE   0.320899  0.277418  0.309681  0.488452  0.765545  0.255737  0.654020   \nKWEB  0.729320  0.761499  0.737582  0.579469  0.781418  0.211126  0.478940   \nLQD   0.748616  0.682044  0.718874  0.550563  0.880213  0.274910  0.573709   \nMJ   -0.044172 -0.083349 -0.082960 -0.231394  0.980129  0.697021 -0.070132   \nMSOS  0.910139  0.940969  0.921721  0.890188  0.949687  0.821173  0.836914   \nQQQ   0.704377  0.692006  0.720833  0.843814  0.884969 -0.178742  0.791560   \nSDS  -0.604388 -0.633734 -0.637208 -0.792020 -0.733739  0.281308 -0.693256   \nSOXL  0.724864  0.662040  0.719600  0.809565  0.842462  0.080077  0.869325   \nSPY   0.585264  0.564437  0.595692  0.760692  0.857570 -0.094698  0.766346   \nTLT   0.433479  0.391096  0.416759  0.231725  0.864806 -0.132729  0.141673   \nTQQQ  0.763387  0.699778  0.756778  0.830099  0.904690  0.001771  0.855610   \nUNG  -0.665742 -0.653259 -0.656792 -0.529703 -0.660837  0.003398 -0.443760   \nURA   0.425824  0.395948  0.429178  0.600200  0.841426 -0.116725  0.632452   \nUUP  -0.849533 -0.803213 -0.826171 -0.709185 -0.884609 -0.421202 -0.725918   \nWEAT -0.049791 -0.006794 -0.010250  0.224451 -0.333614 -0.387005  0.173574   \nXBI   0.952428  0.968733  0.965486  0.848562  0.834274  0.187315  0.812194   \nXHB   0.688783  0.651561  0.687643  0.824727  0.808090 -0.005358  0.843312   \nXLY   0.704030  0.672653  0.711641  0.835428  0.879069 -0.021820  0.831198   \n\n           FEZ       HYG      ICLN  ...       SPY       TLT      TQQQ  \\\nARKF  0.745860  0.516838  0.774972  ...  0.585264  0.433479  0.763387   \nARKG  0.661573  0.406068  0.841830  ...  0.564437  0.391096  0.699778   \nARKK  0.711620  0.457440  0.827345  ...  0.595692  0.416759  0.756778   \nASHR  0.760182  0.316791  0.902098  ...  0.760692  0.231725  0.830099   \nBITO  0.893934  0.896273  0.526742  ...  0.857570  0.864806  0.904690   \nBKLN  0.422759  0.869592 -0.106161  ... -0.094698 -0.132729  0.001771   \nEWJ   0.922320  0.561777  0.796998  ...  0.766346  0.141673  0.855610   \nFEZ   1.000000  0.618203  0.645447  ...  0.774535 -0.029241  0.833715   \nHYG   0.618203  1.000000  0.095780  ...  0.058933  0.228219  0.267240   \nICLN  0.645447  0.095780  1.000000  ...  0.816170  0.052748  0.793869   \nIEF   0.068252  0.291107  0.159433  ... -0.063939  0.981134  0.198693   \nIVV   0.774676  0.059148  0.815069  ...  0.999974 -0.130749  0.927074   \nIYR   0.763072  0.264080  0.455229  ...  0.815757 -0.367089  0.735692   \nJETS  0.281764  0.664670 -0.296055  ... -0.231515 -0.415906 -0.205445   \nKRE   0.773399  0.234707  0.537843  ...  0.788168 -0.542504  0.673627   \nKWEB  0.271604  0.469241  0.416175  ... -0.020925  0.536276  0.161957   \nLQD   0.451290  0.643382  0.334880  ...  0.164513  0.830798  0.423877   \nMJ    0.033862  0.556062 -0.371546  ... -0.469251 -0.235787 -0.341524   \nMSOS  0.636783  0.829719  0.689008  ... -0.037022  0.535512  0.343557   \nQQQ   0.735893  0.051318  0.873315  ...  0.970285  0.071881  0.953300   \nSDS  -0.615130  0.102500 -0.867684  ... -0.930105 -0.025251 -0.832632   \nSOXL  0.852262  0.325520  0.759009  ...  0.892705  0.079161  0.967952   \nSPY   0.774535  0.058933  0.816170  ...  1.000000 -0.127661  0.927478   \nTLT  -0.029241  0.228219  0.052748  ... -0.127661  1.000000  0.135287   \nTQQQ  0.833715  0.267240  0.793869  ...  0.927478  0.135287  1.000000   \nUNG  -0.280673 -0.370328 -0.314938  ... -0.093750 -0.787482 -0.313450   \nURA   0.673453 -0.052324  0.692672  ...  0.921561 -0.320606  0.824041   \nUUP  -0.650073 -0.705789 -0.482074  ... -0.281568 -0.445450 -0.500640   \nWEAT  0.219793 -0.482527  0.455040  ...  0.671546 -0.501553  0.424216   \nXBI   0.625823  0.503388  0.743875  ...  0.452128  0.454347  0.626440   \nXHB   0.845995  0.197160  0.827334  ...  0.972355 -0.057184  0.946437   \nXLY   0.806141  0.175578  0.853383  ...  0.973248  0.008749  0.965667   \n\n           UNG       URA       UUP      WEAT       XBI       XHB       XLY  \nARKF -0.665742  0.425824 -0.849533 -0.049791  0.952428  0.688783  0.704030  \nARKG -0.653259  0.395948 -0.803213 -0.006794  0.968733  0.651561  0.672653  \nARKK -0.656792  0.429178 -0.826171 -0.010250  0.965486  0.687643  0.711641  \nASHR -0.529703  0.600200 -0.709185  0.224451  0.848562  0.824727  0.835428  \nBITO -0.660837  0.841426 -0.884609 -0.333614  0.834274  0.808090  0.879069  \nBKLN  0.003398 -0.116725 -0.421202 -0.387005  0.187315 -0.005358 -0.021820  \nEWJ  -0.443760  0.632452 -0.725918  0.173574  0.812194  0.843312  0.831198  \nFEZ  -0.280673  0.673453 -0.650073  0.219793  0.625823  0.845995  0.806141  \nHYG  -0.370328 -0.052324 -0.705789 -0.482527  0.503388  0.197160  0.175578  \nICLN -0.314938  0.692672 -0.482074  0.455040  0.743875  0.827334  0.853383  \nIEF  -0.846698 -0.272712 -0.549574 -0.508106  0.577690  0.027315  0.078411  \nIVV  -0.090558  0.922306 -0.280117  0.672065  0.450170  0.972242  0.972959  \nIYR   0.206878  0.811102 -0.093307  0.572544  0.122357  0.790739  0.754861  \nJETS  0.226787 -0.169435 -0.147418 -0.311390 -0.092300 -0.157881 -0.228594  \nKRE   0.199181  0.827586 -0.161963  0.573190  0.201852  0.778856  0.727610  \nKWEB -0.747316 -0.192920 -0.767019 -0.476537  0.826265  0.109027  0.127708  \nLQD  -0.818946 -0.074234 -0.749462 -0.458262  0.750669  0.283343  0.314216  \nMJ    0.102286 -0.345219 -0.285133 -0.534747  0.011358 -0.371349 -0.404566  \nMSOS -0.784603 -0.166981 -0.871692 -0.665104  0.922481  0.262460  0.232102  \nQQQ  -0.264070  0.858608 -0.388022  0.574633  0.587842  0.957581  0.978664  \nSDS   0.221160 -0.804528  0.264010 -0.647606 -0.519988 -0.894420 -0.909841  \nSOXL -0.320260  0.796133 -0.498041  0.397319  0.597493  0.925376  0.932627  \nSPY  -0.093750  0.921561 -0.281568  0.671546  0.452128  0.972355  0.973248  \nTLT  -0.787482 -0.320606 -0.445450 -0.501553  0.454347 -0.057184  0.008749  \nTQQQ -0.313450  0.824041 -0.500640  0.424216  0.626440  0.946437  0.965667  \nUNG   1.000000  0.128725  0.691923  0.395923 -0.696763 -0.197728 -0.222982  \nURA   0.128725  1.000000 -0.145219  0.750236  0.285129  0.870940  0.874610  \nUUP   0.691923 -0.145219  1.000000  0.282328 -0.822908 -0.412093 -0.421623  \nWEAT  0.395923  0.750236  0.282328  1.000000 -0.165931  0.541099  0.540715  \nXBI  -0.696763  0.285129 -0.822908 -0.165931  1.000000  0.551591  0.579672  \nXHB  -0.197728  0.870940 -0.412093  0.541099  0.551591  1.000000  0.975451  \nXLY  -0.222982  0.874610 -0.421623  0.540715  0.579672  0.975451  1.000000  \n\n[32 rows x 32 columns]\n","output_type":"stream"}],"id":"04a6f878-f9b6-47cf-97ac-1f5beeab01e1"},{"cell_type":"code","source":"","metadata":{},"execution_count":null,"outputs":[],"id":"fee13e42-3827-4a2d-a25b-fb6eee40285e"}]}