{"metadata":{"language_info":{"name":"python","version":"3.7.12","mimetype":"text/x-python","codemirror_mode":{"name":"ipython","version":3},"pygments_lexer":"ipython3","nbconvert_exporter":"python","file_extension":".py"},"kernelspec":{"name":"python3","display_name":"Python 3 (ipykernel)","language":"python"}},"nbformat_minor":5,"nbformat":4,"cells":[{"cell_type":"code","source":"from scipy.stats import norm\nimport numpy as np\nimport yfinance as yf\nimport pandas as pd\nfrom ta.volatility import AverageTrueRange\nfrom datetime import datetime\nfrom datetime import date\n#start='2010-01-01'\nend=date.today()\ndef get_historical_data(stk):\n\n    df = yf.download(stk,periods='max', interval=\"1wk\").dropna()\n    #df['year']=df.index.isocalendar().year.astype(int)\n    return df\n\nstocks=['HYG','IEF','LQD','UUP','TLT','MSOS']\narr=[]\ndaf=pd.DataFrame()\na=0\nfor i in stocks:\n    \n    df=get_historical_data(i)\n    df=df[df.index>start]\n    close=df.Close\n    #arr.append(close)\n    daf[a]=close\n    a=a+1\ndaf.columns=stocks\n#print(daf)\ncorrMatrix = daf.corr()\nprint (corrMatrix)\n#fdf=pd.DataFrame(data=arr[0])\n#print(fdf)","metadata":{"trusted":true},"execution_count":23,"outputs":[{"name":"stdout","text":"[*********************100%***********************]  1 of 1 completed\n[*********************100%***********************]  1 of 1 completed\n[*********************100%***********************]  1 of 1 completed\n[*********************100%***********************]  1 of 1 completed\n[*********************100%***********************]  1 of 1 completed\n[*********************100%***********************]  1 of 1 completed\n           HYG       IEF       LQD       UUP       TLT      MSOS\nHYG   1.000000 -0.266377 -0.048952 -0.765084 -0.367013  0.837338\nIEF  -0.266377  1.000000  0.918112  0.405272  0.974937  0.668746\nLQD  -0.048952  0.918112  1.000000  0.306358  0.904002  0.752346\nUUP  -0.765084  0.405272  0.306358  1.000000  0.517495 -0.870066\nTLT  -0.367013  0.974937  0.904002  0.517495  1.000000  0.552396\nMSOS  0.837338  0.668746  0.752346 -0.870066  0.552396  1.000000\n","output_type":"stream"}],"id":"04a6f878-f9b6-47cf-97ac-1f5beeab01e1"},{"cell_type":"code","source":"","metadata":{},"execution_count":null,"outputs":[],"id":"fee13e42-3827-4a2d-a25b-fb6eee40285e"}]}